LL3=[33	14	530
5	33	600
33	27	560
42	33	550
33	37	670
33	25	570
33	30	580
33	10	650
33	20	655
33	22	800
14	35	720
33	19	775
33	23	785
33	21	900
33	11	785
27	49	765
30	36	810
25	29	820
33	7	775
33	47	730
33	2	915
33	8	885
10	26	785
20	3	820
33	44	885
37	1	840
37	12	820
37	29	810
35	45	860
47	12	965
33	32	1020
49	27	975
19	12	960
7	48	945
23	33	1010
11	33	1025
26	10	920
22	44	925
36	30	1080
3	20	990
29	25	1060
29	37	975
1	37	975
12	37	975
45	35	1000
44	40	1090
8	33	1105
21	33	1260
44	22	1035
2	33	1150
10	33	1115
48	7	1110
12	19	1150
12	47	1210
27	33	1185
37	33	1215
20	33	1200
35	14	1170
32	33	1210
22	33	1295
25	33	1200
30	33	1245
40	44	1285
7	33	1310
19	33	1400
14	33	1380
47	33	1350
33	5	55
33	16	120
44	33	25
33	42	40];
